T17
K1 = 10.788276050720014600
K2 = -139.445897187106311000
K3 = 894.974189735017717000
K4 = -2546.036676153540610000
K5 = 3904.743169900029900000
K6 = -2570.749819226562980000
K7 = 835.301562063395977000