T4
K1 = 14.700053858628962200
K2 = -214.820982555160299000
K3 = 1465.741299703717230000
K4 = -4634.670244656503200000
K5 = 7810.758536651730540000
K6 = -5887.226479500532150000
K7 = 1924.674827763810750000