T5
K1 = 20.034126646438380700
K2 = -271.936891982797533000
K3 = 1622.601430540904400000
K4 = -4532.916178494691850000
K5 = 6562.006346352398400000
K6 = -4073.509919449687000000
K7 = 1146.896953169256450000