T6
K1 = 20.679421968088718100
K2 = -280.888861436396837000
K3 = 1671.654556442052130000
K4 = -4675.643779978156090000
K5 = 6806.919326968491080000
K6 = -4345.597476951777940000
K7 = 1304.663520189002160000