T7
K1 = 11.482724061264889300
K2 = -125.440187550266273000
K3 = 627.496199356392026000
K4 = -1170.336804741993550000
K5 = 614.044008841738105000
K6 = 905.268532230518758000
K7 = -370.527152371592820000