T8
K1 = 26.350046379928244300
K2 = -357.387864133808762000
K3 = 2077.768164981156590000
K4 = -5790.040397420525550000
K5 = 8458.752362117171290000
K6 = -5648.425186641514300000
K7 = 1728.627353053539990000